best:
  id: 0
  metrics:
    annual_return: 0.07450601504133059
    max_drawdown: 0.0
    sharpe: 171.9766135811024
  objective: 86.06281280559254
  time: 0.06450557708740234
  weights:
    BREAKOUT: 0.0
    CHIP: 0.0
    MONEY: 0.0
    RISK: 1.0
    TREND: 0.0
    VOLUME: 0.0
note: 自动生成的校准权重，未覆盖原始 parameters.yaml
